37,5
33,4
0,273
0,270
3,2
3,1
3,3
10,169
10,244
10,183
10,290
10,281
10,241
10,134
10,100
11,7
9,4
9,6
8,4
8,9
8,16
8,6
8,8
8,12
8,10
8,2
8,3
57,4
57,3
57,2
57,1
57,0
56,4
56,3
56,2
56,1
56,0
54,3
54,2
54,1
54,0
52,4
52,3
52,2
52,1
52,0
49,5
49,4
49,3
49,2
49,1
49,0
46,6
46,5
46,4
46,3
46,2
46,1
46,0
44,6
44,5
44,4
44,3
44,2
44,1
44,0
40,4
40,3
40,1
39,3
39,1
37,3
37,1
35,3
35,1
33,3
33,1
30,3
30,1
20,3
20,2
20,1
19,3
19,2
19,1
12,3
12,2
12,1
11,30
11,28
11,27
11,26
11,25
11,24
11,22
11,21
11,20
11,19
11,18
11,17
11,16
11,15
11,14
11,13
11,12
11,11
11,10
11,9
11,8
11,6
11,3
11,2
11,1
18,1
